import pygame
from pygame.draw import *

pygame.init()

FPS = 30
screen = pygame.display.set_mode((600, 800))
rect(screen, (75, 170, 79), (0, 0, 600, 450))
rect(screen, (108, 93, 83), (0, 450, 600, 350))

# 1 столб желтые прямоугольники
rect(screen, (207, 174, 3), (0, 0, 40, 500))
# 2 столб
rect(screen, (207, 174, 3), (60, 0, 120, 760))
# 3 столб
rect(screen, (207, 174, 3), (390, 0, 40, 500))
# 4 столб
rect(screen, (207, 174, 3), (550, 0, 40, 620))

# ЁЖИК
# 1 ножка
ellipse(screen, (72, 55, 55), (350, 700, 22, 12))
ellipse(screen, (131, 125, 125), (350, 700, 22, 12), 1)
# 4 ножка
ellipse(screen, (72, 55, 55), (455, 700, 22, 12))
ellipse(screen, (131, 125, 125), (455, 700, 22, 12), 1)
# живот
ellipse(screen, (72, 55, 55), (355, 665, 120, 60))
ellipse(screen, (131, 125, 125), (355, 665, 120, 60), 1)
# 2 ножка
ellipse(screen, (72, 55, 55), (360, 710, 22, 12))
ellipse(screen, (131, 125, 125), (360, 710, 22, 12), 1)
# 3 ножкка
ellipse(screen, (72, 55, 55), (440, 718, 22, 12))
ellipse(screen, (131, 125, 125), (440, 718, 22, 12), 1)
# лицо
ellipse(screen, (72, 55, 55), (440, 670, 45, 35))
ellipse(screen, (131, 125, 125), (440, 670, 45, 35), 1)
# глаз 1
circle(screen, (0, 0, 0,), (458, 685), 4)
circle(screen, (131, 125, 125,), (458, 685), 4, 1)
# глаз 2
circle(screen, (0, 0, 0,), (468, 682), 4)
circle(screen, (131, 125, 125,), (468, 682), 4, 1)
# носик
circle(screen, (0, 0, 0,), (485, 690), 3)
circle(screen, (131, 125, 125,), (485, 690), 3, 1)
# иголки прямо
polygon(screen, (36, 28, 28), [(360, 680), (370, 680), (365, 642)])
polygon(screen, (8, 6, 6), [(360, 680), (370, 680), (365, 642)], 1)
polygon(screen, (36, 28, 28), [(370, 680), (380, 680), (375, 642)])
polygon(screen, (8, 6, 6), [(370, 680), (380, 680), (375, 642)], 1)
polygon(screen, (36, 28, 28), [(380, 675), (390, 675), (385, 637)])
polygon(screen, (8, 6, 6), [(380, 675), (390, 675), (385, 637)], 1)
polygon(screen, (36, 28, 28), [(390, 675), (400, 675), (395, 637)])
polygon(screen, (8, 6, 6), [(390, 675), (400, 675), (395, 637)], 1)
polygon(screen, (36, 28, 28), [(400, 675), (410, 675), (405, 637)])
polygon(screen, (8, 6, 6), [(400, 675), (410, 675), (405, 637)], 1)
polygon(screen, (36, 28, 28), [(410, 675), (420, 675), (415, 637)])
polygon(screen, (8, 6, 6), [(410, 675), (420, 675), (415, 637)], 1)
polygon(screen, (36, 28, 28), [(430, 672), (440, 672), (435, 634)])
polygon(screen, (8, 6, 6), [(430, 672), (440, 672), (435, 634)], 1)
polygon(screen, (36, 28, 28), [(440, 672), (450, 672), (445, 631)])
polygon(screen, (8, 6, 6), [(440, 672), (450, 672), (445, 632)], 1)
polygon(screen, (36, 28, 28), [(360, 708), (370, 708), (365, 670)])
polygon(screen, (8, 6, 6), [(360, 708), (370, 708), (365, 670)], 1)
polygon(screen, (36, 28, 28), [(370, 708), (380, 708), (375, 670)])
polygon(screen, (8, 6, 6), [(370, 708), (380, 708), (375, 670)], 1)
# гриб
ellipse(screen, (225, 225, 225), (395, 622, 10, 40))
ellipse(screen, (154, 143, 143), (395, 622, 10, 40), 1)
ellipse(screen, (225, 0, 0), (380, 620, 40, 15))
ellipse(screen, (154, 143, 143), (380, 620, 40, 15), 1)
ellipse(screen, (225, 225, 225), (389, 622, 4, 2))
ellipse(screen, (154, 143, 143), (389, 621, 4, 2), 1)
ellipse(screen, (225, 225, 225), (400, 625, 6, 3))
ellipse(screen, (154, 143, 143), (400, 625, 6, 3), 1)
ellipse(screen, (225, 225, 225), (392, 628, 6, 4))
ellipse(screen, (154, 143, 143), (392, 628, 6, 4), 1)
ellipse(screen, (225, 225, 225), (410, 622, 3, 4))
ellipse(screen, (154, 143, 143), (410, 622, 3, 4), 1)
# фрукты
ellipse(screen, (220, 113, 55), (365, 650, 25, 30))
ellipse(screen, (154, 143, 143), (365, 650, 25, 30), 1)
ellipse(screen, (220, 113, 55), (375, 648, 28, 32))
ellipse(screen, (154, 143, 143), (375, 648, 28, 31), 1)
ellipse(screen, (254, 0, 0), (419, 650, 32, 32))
ellipse(screen, (154, 143, 143), (419, 650, 32, 33), 1)

polygon(screen, (36, 28, 28), [(385, 680), (395, 680), (390, 642)])
polygon(screen, (8, 6, 6), [(385, 680), (395, 680), (390, 642)], 1)
polygon(screen, (36, 28, 28), [(395, 680), (405, 680), (400, 642)])
polygon(screen, (8, 6, 6), [(395, 680), (405, 680), (400, 642)], 1)
polygon(screen, (36, 28, 28), [(412, 675), (422, 675), (417, 637)])
polygon(screen, (8, 6, 6), [(412, 675), (422, 675), (417, 637)], 1)
polygon(screen, (36, 28, 28), [(422, 675), (432, 675), (427, 637)])
polygon(screen, (8, 6, 6), [(422, 675), (432, 675), (427, 637)], 1)
polygon(screen, (36, 28, 28), [(390, 708), (400, 708), (395, 670)])
polygon(screen, (8, 6, 6), [(390, 708), (400, 708), (395, 670)], 1)
polygon(screen, (36, 28, 28), [(400, 708), (410, 708), (405, 670)])
polygon(screen, (8, 6, 6), [(400, 708), (410, 708), (405, 670)], 1)
polygon(screen, (36, 28, 28), [(415, 700), (425, 700), (420, 662)])
polygon(screen, (8, 6, 6), [(415, 700), (425, 700), (420, 662)], 1)
polygon(screen, (36, 28, 28), [(425, 700), (435, 700), (430, 662)])
polygon(screen, (8, 6, 6), [(425, 700), (435, 700), (430, 662)], 1)
polygon(screen, (36, 28, 28), [(360, 680), (370, 680), (365, 642)])
polygon(screen, (8, 6, 6), [(360, 680), (370, 680), (365, 642)], 1)
polygon(screen, (36, 28, 28), [(370, 680), (380, 680), (375, 642)])
polygon(screen, (8, 6, 6), [(370, 680), (380, 680), (375, 642)], 1)
polygon(screen, (36, 28, 28), [(357, 695), (367, 695), (362, 657)])
polygon(screen, (8, 6, 6), [(357, 695), (367, 695), (362, 657)], 1)
polygon(screen, (36, 28, 28), [(362, 695), (372, 695), (367, 657)])
polygon(screen, (8, 6, 6), [(362, 695), (372, 695), (367, 657)], 1)
polygon(screen, (36, 28, 28), [(377, 697), (387, 697), (382, 659)])
polygon(screen, (8, 6, 6), [(377, 697), (387, 697), (382, 659)], 1)
polygon(screen, (36, 28, 28), [(387, 697), (397, 697), (392, 659)])
polygon(screen, (8, 6, 6), [(387, 697), (397, 697), (392, 659)], 1)
polygon(screen, (36, 28, 28), [(388, 705), (398, 705), (393, 667)])
polygon(screen, (8, 6, 6), [(388, 705), (398, 705), (393, 667)], 1)
polygon(screen, (36, 28, 28), [(398, 705), (408, 705), (403, 667)])
polygon(screen, (8, 6, 6), [(398, 705), (408, 705), (403, 667)], 1)
polygon(screen, (36, 28, 28), [(410, 690), (420, 690), (415, 652)])
polygon(screen, (8, 6, 6), [(410, 690), (420, 690), (415, 652)], 1)
polygon(screen, (36, 28, 28), [(420, 690), (430, 690), (425, 652)])
polygon(screen, (8, 6, 6), [(420, 690), (430, 690), (425, 652)], 1)
polygon(screen, (8, 6, 6), [(398, 705), (408, 705), (403, 667)], 1)
polygon(screen, (36, 28, 28), [(400, 690), (410, 690), (405, 652)])
polygon(screen, (8, 6, 6), [(400, 690), (410, 690), (405, 652)], 1)
polygon(screen, (36, 28, 28), [(410, 690), (420, 690), (415, 652)])
polygon(screen, (8, 6, 6), [(410, 690), (420, 690), (415, 652)], 1)
polygon(screen, (36, 28, 28), [(435, 690), (445, 690), (438, 652)])
polygon(screen, (8, 6, 6), [(435, 690), (445, 690), (438, 652)], 1)
polygon(screen, (8, 6, 6), [(400, 690), (410, 690), (405, 652)], 1)
polygon(screen, (36, 28, 28), [(380, 705), (390, 705), (385, 667)])
polygon(screen, (8, 6, 6), [(380, 705), (390, 705), (385, 667)], 1)
polygon(screen, (36, 28, 28), [(390, 705), (400, 705), (395, 667)])
polygon(screen, (8, 6, 6), [(390, 705), (400, 705), (395, 667)], 1)
polygon(screen, (36, 28, 28), [(385, 710), (395, 710), (390, 672)])
polygon(screen, (8, 6, 6), [(385, 710), (395, 710), (390, 672)], 1)
polygon(screen, (36, 28, 28), [(395, 710), (405, 710), (400, 672)])
polygon(screen, (8, 6, 6), [(395, 705), (405, 705), (405, 667)], 1)
polygon(screen, (36, 28, 28), [(395, 720), (405, 720), (405, 682)])
polygon(screen, (8, 6, 6), [(395, 720), (405, 720), (405, 682)], 1)
polygon(screen, (36, 28, 28), [(405, 720), (415, 720), (410, 682)])
polygon(screen, (8, 6, 6), [(405, 720), (415, 720), (410, 682)], 1)
polygon(screen, (36, 28, 28), [(386, 717), (396, 717), (391, 679)])
polygon(screen, (8, 6, 6), [(386, 717), (396, 717), (391, 679)], 1)
polygon(screen, (36, 28, 28), [(396, 717), (406, 717), (401, 679)])
polygon(screen, (8, 6, 6), [(396, 717), (406, 717), (401, 679)], 1)
polygon(screen, (36, 28, 28), [(402, 710), (412, 710), (407, 672)])
polygon(screen, (8, 6, 6), [(402, 710), (412, 710), (407, 672)], 1)
polygon(screen, (36, 28, 28), [(412, 710), (422, 710), (417, 672)])
polygon(screen, (8, 6, 6), [(412, 710), (422, 710), (417, 672)], 1)
polygon(screen, (36, 28, 28), [(417, 705), (427, 705), (422, 667)])
polygon(screen, (8, 6, 6), [(417, 705), (427, 705), (422, 667)], 1)
polygon(screen, (36, 28, 28), [(427, 705), (437, 705), (432, 667)])
polygon(screen, (8, 6, 6), [(427, 705), (437, 705), (432, 667)], 1)
polygon(screen, (36, 28, 28), [(420, 715), (430, 715), (425, 677)])
polygon(screen, (8, 6, 6), [(420, 715), (430, 715), (425, 677)], 1)
polygon(screen, (36, 28, 28), [(430, 715), (440, 715), (435, 677)])
polygon(screen, (8, 6, 6), [(430, 715), (440, 715), (435, 677)], 1)
polygon(screen, (36, 28, 28), [(412, 720), (422, 720), (417, 682)])
polygon(screen, (8, 6, 6), [(412, 720), (422, 720), (417, 682)], 1)
polygon(screen, (36, 28, 28), [(422, 720), (432, 720), (427, 682)])
polygon(screen, (8, 6, 6), [(422, 720), (432, 720), (427, 682)], 1)
polygon(screen, (36, 28, 28), [(430, 718), (440, 718), (438, 680)])
polygon(screen, (8, 6, 6), [(430, 718), (440, 718), (438, 680)], 1)
polygon(screen, (36, 28, 28), [(440, 710), (450, 710), (452, 672)])
polygon(screen, (8, 6, 6), [(440, 710), (450, 710), (452, 672)], 1)
polygon(screen, (36, 28, 28), [(438, 713), (448, 712), (445, 675)])
polygon(screen, (8, 6, 6), [(438, 713), (448, 712), (445, 675)], 1)

pygame.display.update()
clock = pygame.time.Clock()
finished = False

while not finished:
    clock.tick(FPS)
    for event in pygame.event.get():
        if event.type == pygame.QUIT:
            finished = True

pygame.quit()
